protein,cell,vid,label,fold,delta,platform,accelerator,weights_from
NONO,K562,chr10:86756937:G:C,0,2,0.8026213645935059,modal,cuda,PCBP2:HepG2
NONO,K562,chr11:236091:G:A,0,3,1.016960620880127,modal,cuda,PCBP2:HepG2
NONO,K562,chr11:236094:A:G,0,3,-0.7136955261230469,modal,cuda,PCBP2:HepG2
NONO,K562,chr11:2699277:C:G,0,3,0.31270766258239746,modal,cuda,PCBP2:HepG2
NONO,K562,chr11:2699483:C:G,0,3,-0.1655847430229187,modal,cuda,PCBP2:HepG2
NONO,K562,chr11:2699548:C:G,0,3,0.23410888016223907,modal,cuda,PCBP2:HepG2
NONO,K562,chr11:2699553:C:G,0,3,-0.5270038843154907,modal,cuda,PCBP2:HepG2
NONO,K562,chr11:64116513:T:C,0,3,-0.3550410270690918,modal,cuda,PCBP2:HepG2
NONO,K562,chr11:64116555:C:T,0,3,0.5378878116607666,modal,cuda,PCBP2:HepG2
NONO,K562,chr11:64116981:C:T,0,3,0.2935218811035156,modal,cuda,PCBP2:HepG2
NONO,K562,chr11:64117002:C:T,0,3,-0.15894412994384766,modal,cuda,PCBP2:HepG2
NONO,K562,chr11:64117053:G:A,0,3,-0.803704023361206,modal,cuda,PCBP2:HepG2
NONO,K562,chr11:64117089:G:A,0,3,-1.0391769409179688,modal,cuda,PCBP2:HepG2
NONO,K562,chr11:64117437:G:T,0,3,-1.7577956914901733,modal,cuda,PCBP2:HepG2
NONO,K562,chr12:111598993:C:T,0,1,-0.10275313258171082,modal,cuda,PCBP2:HepG2
NONO,K562,chr12:111599125:G:A,0,1,-0.7703277468681335,modal,cuda,PCBP2:HepG2
NONO,K562,chr12:116277018:C:G,0,1,-0.1496327817440033,modal,cuda,PCBP2:HepG2
NONO,K562,chr12:116277033:C:G,0,1,0.4760414659976959,modal,cuda,PCBP2:HepG2
NONO,K562,chr12:132718767:C:T,0,1,0.6634616851806641,modal,cuda,PCBP2:HepG2
NONO,K562,chr12:132718915:T:C,0,1,0.5604441165924072,modal,cuda,PCBP2:HepG2
NONO,K562,chr12:6534825:C:G,0,1,0.6078706979751587,modal,cuda,PCBP2:HepG2
NONO,K562,chr12:6943922:A:G,0,1,0.9826756715774536,modal,cuda,PCBP2:HepG2
NONO,K562,chr12:6943933:T:C,0,1,0.5752973556518555,modal,cuda,PCBP2:HepG2
NONO,K562,chr12:6943941:G:A,0,1,1.2095248699188232,modal,cuda,PCBP2:HepG2
NONO,K562,chr12:6943958:G:A,0,1,0.6572571992874146,modal,cuda,PCBP2:HepG2
NONO,K562,chr12:6943986:A:C,0,1,1.613506555557251,modal,cuda,PCBP2:HepG2
NONO,K562,chr12:6944052:T:G,0,1,-0.7799580097198486,modal,cuda,PCBP2:HepG2
NONO,K562,chr15:66704188:C:T,0,1,0.27002644538879395,modal,cuda,PCBP2:HepG2
NONO,K562,chr15:68209372:C:T,0,1,0.18590819835662842,modal,cuda,PCBP2:HepG2
NONO,K562,chr15:68229314:A:G,0,1,0.2802632451057434,modal,cuda,PCBP2:HepG2
NONO,K562,chr15:68229467:G:C,0,1,-0.7188916206359863,modal,cuda,PCBP2:HepG2
NONO,K562,chr15:90873320:C:A,0,1,1.537035346031189,modal,cuda,PCBP2:HepG2
NONO,K562,chr16:1449616:T:C,0,2,-0.6544406414031982,modal,cuda,PCBP2:HepG2
NONO,K562,chr16:2055334:C:G,0,2,-0.7558337450027466,modal,cuda,PCBP2:HepG2
NONO,K562,chr16:2055399:C:T,0,2,0.4319453239440918,modal,cuda,PCBP2:HepG2
NONO,K562,chr16:2055401:G:A,1,2,-0.3655795753002167,modal,cuda,PCBP2:HepG2
NONO,K562,chr16:2055416:C:T,1,2,0.4783024787902832,modal,cuda,PCBP2:HepG2
NONO,K562,chr16:2055420:G:A,1,2,0.8785871267318726,modal,cuda,PCBP2:HepG2
NONO,K562,chr16:2055421:G:A,1,2,0.5098520517349243,modal,cuda,PCBP2:HepG2
NONO,K562,chr16:2055443:G:T,1,2,0.5732734203338623,modal,cuda,PCBP2:HepG2
NONO,K562,chr16:2076805:C:T,0,2,-0.19058632850646973,modal,cuda,PCBP2:HepG2
NONO,K562,chr16:2077316:A:C,0,2,0.44802868366241455,modal,cuda,PCBP2:HepG2
NONO,K562,chr16:2082730:G:A,0,2,0.3473881483078003,modal,cuda,PCBP2:HepG2
NONO,K562,chr16:4351057:G:C,0,2,-0.26063621044158936,modal,cuda,PCBP2:HepG2
NONO,K562,chr16:580025:C:G,0,2,-0.07118940353393555,modal,cuda,PCBP2:HepG2
NONO,K562,chr16:580089:C:T,0,2,-0.24173963069915771,modal,cuda,PCBP2:HepG2
NONO,K562,chr16:724086:C:T,0,2,-0.15421247482299805,modal,cuda,PCBP2:HepG2
NONO,K562,chr16:724094:C:T,0,2,-0.3181295394897461,modal,cuda,PCBP2:HepG2
NONO,K562,chr16:725947:G:C,0,2,-0.7245150804519653,modal,cuda,PCBP2:HepG2
NONO,K562,chr16:725952:G:A,0,2,-0.08659934997558594,modal,cuda,PCBP2:HepG2
NONO,K562,chr16:725954:C:A,0,2,-0.13106724619865417,modal,cuda,PCBP2:HepG2
NONO,K562,chr16:725955:C:A,0,2,0.5759174823760986,modal,cuda,PCBP2:HepG2
NONO,K562,chr16:75000235:A:G,0,2,0.13061702251434326,modal,cuda,PCBP2:HepG2
NONO,K562,chr16:75000316:C:A,0,2,-0.48806333541870117,modal,cuda,PCBP2:HepG2
NONO,K562,chr16:88749633:T:C,0,2,-0.328524112701416,modal,cuda,PCBP2:HepG2
NONO,K562,chr16:88784632:C:T,0,2,0.31291985511779785,modal,cuda,PCBP2:HepG2
NONO,K562,chr16:88784889:C:A,0,2,0.17466557025909424,modal,cuda,PCBP2:HepG2
NONO,K562,chr16:89792351:C:T,0,2,0.3414449691772461,modal,cuda,PCBP2:HepG2
NONO,K562,chr17:78117633:G:T,1,1,-0.6871804594993591,modal,cuda,PCBP2:HepG2
NONO,K562,chr17:78117658:C:T,0,1,1.4455361366271973,modal,cuda,PCBP2:HepG2
NONO,K562,chr17:78119220:G:A,0,1,-0.8850303292274475,modal,cuda,PCBP2:HepG2
NONO,K562,chr17:78120837:G:A,0,1,-0.22136327624320984,modal,cuda,PCBP2:HepG2
NONO,K562,chr17:78121280:T:C,0,1,0.6727081537246704,modal,cuda,PCBP2:HepG2
NONO,K562,chr17:78121320:A:G,0,1,-0.15827125310897827,modal,cuda,PCBP2:HepG2
NONO,K562,chr17:78122342:C:T,0,1,-0.7464698553085327,modal,cuda,PCBP2:HepG2
NONO,K562,chr17:78122372:G:C,0,1,-2.2770004272460938,modal,cuda,PCBP2:HepG2
NONO,K562,chr17:78122373:C:T,0,1,1.2899672985076904,modal,cuda,PCBP2:HepG2
NONO,K562,chr17:8226220:G:C,0,1,0.8413084745407104,modal,cuda,PCBP2:HepG2
NONO,K562,chr17:82446450:G:T,0,1,-0.6346120834350586,modal,cuda,PCBP2:HepG2
NONO,K562,chr17:82446846:C:A,0,1,-0.5770077705383301,modal,cuda,PCBP2:HepG2
NONO,K562,chr17:82815056:C:T,0,1,-0.5068502426147461,modal,cuda,PCBP2:HepG2
NONO,K562,chr17:82831930:G:A,0,1,0.8584790229797363,modal,cuda,PCBP2:HepG2
NONO,K562,chr17:82831960:G:A,0,1,-0.5394895076751709,modal,cuda,PCBP2:HepG2
NONO,K562,chr17:82831982:C:T,0,1,0.328794002532959,modal,cuda,PCBP2:HepG2
NONO,K562,chr17:82832090:G:T,0,1,-0.9058862924575806,modal,cuda,PCBP2:HepG2
NONO,K562,chr17:82832178:T:C,0,1,0.6369543075561523,modal,cuda,PCBP2:HepG2
NONO,K562,chr17:82909457:C:T,0,1,-0.4772516191005707,modal,cuda,PCBP2:HepG2
NONO,K562,chr18:3451898:G:A,0,4,0.19429659843444824,modal,cuda,PCBP2:HepG2
NONO,K562,chr18:3452032:C:T,0,4,-0.17845863103866577,modal,cuda,PCBP2:HepG2
NONO,K562,chr18:3452156:C:G,1,4,0.6516701579093933,modal,cuda,PCBP2:HepG2
NONO,K562,chr18:3452350:C:T,0,4,-0.11596834659576416,modal,cuda,PCBP2:HepG2
NONO,K562,chr18:3452566:T:C,0,4,0.30163872241973877,modal,cuda,PCBP2:HepG2
NONO,K562,chr19:10718631:C:G,0,4,-0.8304176330566406,modal,cuda,PCBP2:HepG2
NONO,K562,chr19:11052925:G:T,0,4,-0.3544919490814209,modal,cuda,PCBP2:HepG2
NONO,K562,chr19:11090613:G:T,0,4,0.20944595336914062,modal,cuda,PCBP2:HepG2
NONO,K562,chr19:11090666:C:T,0,4,0.12613272666931152,modal,cuda,PCBP2:HepG2
NONO,K562,chr19:1206334:G:A,0,4,1.4323707818984985,modal,cuda,PCBP2:HepG2
NONO,K562,chr19:1206337:C:T,0,4,1.2558538913726807,modal,cuda,PCBP2:HepG2
NONO,K562,chr19:1206352:G:C,0,4,-0.2928614616394043,modal,cuda,PCBP2:HepG2
NONO,K562,chr19:1387918:G:T,0,4,-0.1660175323486328,modal,cuda,PCBP2:HepG2
NONO,K562,chr19:1387920:T:G,0,4,-0.08472466468811035,modal,cuda,PCBP2:HepG2
NONO,K562,chr19:1387927:T:G,0,4,0.5755531191825867,modal,cuda,PCBP2:HepG2
NONO,K562,chr19:1387934:A:G,0,4,-0.5684243440628052,modal,cuda,PCBP2:HepG2
NONO,K562,chr19:1390758:C:A,0,4,-0.13608801364898682,modal,cuda,PCBP2:HepG2
NONO,K562,chr19:1646222:C:T,0,4,0.3367728590965271,modal,cuda,PCBP2:HepG2
NONO,K562,chr19:2137871:C:T,0,4,0.22365975379943848,modal,cuda,PCBP2:HepG2
NONO,K562,chr19:2137886:C:T,0,4,0.25861144065856934,modal,cuda,PCBP2:HepG2
NONO,K562,chr19:2426039:C:T,0,4,0.2623715400695801,modal,cuda,PCBP2:HepG2
NONO,K562,chr19:38647968:T:C,0,4,0.24472326040267944,modal,cuda,PCBP2:HepG2
NONO,K562,chr19:40806707:G:C,0,4,0.20632529258728027,modal,cuda,PCBP2:HepG2
NONO,K562,chr19:55032120:C:T,0,4,0.6604609489440918,modal,cuda,PCBP2:HepG2
NONO,K562,chr19:55032121:C:T,0,4,0.2780835032463074,modal,cuda,PCBP2:HepG2
NONO,K562,chr19:55032466:C:T,0,4,0.13157713413238525,modal,cuda,PCBP2:HepG2
NONO,K562,chr19:5894573:G:A,0,4,-0.21450316905975342,modal,cuda,PCBP2:HepG2
NONO,K562,chr1:1035456:G:A,0,0,0.3424762487411499,modal,cuda,PCBP2:HepG2
NONO,K562,chr1:1040401:C:T,0,0,-0.6766031384468079,modal,cuda,PCBP2:HepG2
NONO,K562,chr1:1759828:G:A,0,0,0.539315938949585,modal,cuda,PCBP2:HepG2
NONO,K562,chr1:21937058:G:A,0,0,-0.18605124950408936,modal,cuda,PCBP2:HepG2
NONO,K562,chr1:2230051:C:T,0,0,-0.21526241302490234,modal,cuda,PCBP2:HepG2
NONO,K562,chr1:2248079:C:T,0,0,0.16145646572113037,modal,cuda,PCBP2:HepG2
NONO,K562,chr1:244863418:A:G,0,0,0.06361357867717743,modal,cuda,PCBP2:HepG2
NONO,K562,chr1:244863420:A:G,0,0,0.14261344075202942,modal,cuda,PCBP2:HepG2
NONO,K562,chr1:32817708:G:A,0,0,0.15996943414211273,modal,cuda,PCBP2:HepG2
NONO,K562,chr1:32817783:C:A,0,0,-0.5756852626800537,modal,cuda,PCBP2:HepG2
NONO,K562,chr1:42958380:A:G,0,0,-0.2295849323272705,modal,cuda,PCBP2:HepG2
NONO,K562,chr20:58389802:C:T,0,0,0.32025909423828125,modal,cuda,PCBP2:HepG2
NONO,K562,chr21:37367544:C:T,0,0,-0.16247715055942535,modal,cuda,PCBP2:HepG2
NONO,K562,chr21:43733870:A:G,0,0,-0.09709000587463379,modal,cuda,PCBP2:HepG2
NONO,K562,chr21:43734263:C:T,0,0,-0.11102557182312012,modal,cuda,PCBP2:HepG2
NONO,K562,chr22:19505169:C:G,0,3,1.74314546585083,modal,cuda,PCBP2:HepG2
NONO,K562,chr22:19723410:C:G,1,3,-0.31028616428375244,modal,cuda,PCBP2:HepG2
NONO,K562,chr22:19942028:A:G,0,3,-0.32314372062683105,modal,cuda,PCBP2:HepG2
NONO,K562,chr22:20043579:G:A,0,3,0.22338062524795532,modal,cuda,PCBP2:HepG2
NONO,K562,chr2:113236884:G:A,0,4,0.22556447982788086,modal,cuda,PCBP2:HepG2
NONO,K562,chr2:113236933:A:G,0,4,-0.19660019874572754,modal,cuda,PCBP2:HepG2
NONO,K562,chr2:144517448:G:C,0,4,-0.1398622989654541,modal,cuda,PCBP2:HepG2
NONO,K562,chr2:144517650:A:T,0,4,-0.36184120178222656,modal,cuda,PCBP2:HepG2
NONO,K562,chr2:152718791:G:T,0,4,0.9352290630340576,modal,cuda,PCBP2:HepG2
NONO,K562,chr3:12663665:A:G,0,3,-0.9752674102783203,modal,cuda,PCBP2:HepG2
NONO,K562,chr3:12663674:A:G,0,3,0.34747597575187683,modal,cuda,PCBP2:HepG2
NONO,K562,chr3:12663709:G:A,0,3,0.3178824186325073,modal,cuda,PCBP2:HepG2
NONO,K562,chr3:128492907:G:A,0,3,0.5259883403778076,modal,cuda,PCBP2:HepG2
NONO,K562,chr3:128492959:A:C,0,3,-0.2917606830596924,modal,cuda,PCBP2:HepG2
NONO,K562,chr3:128493129:A:C,0,3,1.3845536708831787,modal,cuda,PCBP2:HepG2
NONO,K562,chr3:196317798:C:G,0,3,1.0270756483078003,modal,cuda,PCBP2:HepG2
NONO,K562,chr3:38454574:C:T,0,3,0.9251062870025635,modal,cuda,PCBP2:HepG2
NONO,K562,chr4:150583869:C:G,1,1,-0.5469253063201904,modal,cuda,PCBP2:HepG2
NONO,K562,chr4:1794352:C:T,0,1,-0.8789951801300049,modal,cuda,PCBP2:HepG2
NONO,K562,chr4:1802199:T:C,0,1,0.608055591583252,modal,cuda,PCBP2:HepG2
NONO,K562,chr4:1802243:G:A,0,1,-0.6060717105865479,modal,cuda,PCBP2:HepG2
NONO,K562,chr4:1802549:G:A,0,1,-0.05728912353515625,modal,cuda,PCBP2:HepG2
NONO,K562,chr4:1803070:G:A,0,1,-0.41156935691833496,modal,cuda,PCBP2:HepG2
NONO,K562,chr4:1803569:G:A,0,1,1.0438734292984009,modal,cuda,PCBP2:HepG2
NONO,K562,chr4:1803725:G:A,1,1,-0.5756998658180237,modal,cuda,PCBP2:HepG2
NONO,K562,chr4:1803866:G:C,0,1,-0.7485702037811279,modal,cuda,PCBP2:HepG2
NONO,K562,chr5:139294274:T:G,0,1,-2.0169267654418945,modal,cuda,PCBP2:HepG2
NONO,K562,chr5:179821257:G:A,0,1,1.1342953443527222,modal,cuda,PCBP2:HepG2
NONO,K562,chr5:62306741:G:C,0,1,0.3417057991027832,modal,cuda,PCBP2:HepG2
NONO,K562,chr5:62306825:C:T,0,1,-0.33635270595550537,modal,cuda,PCBP2:HepG2
NONO,K562,chr5:62306832:C:T,0,1,-0.4150126576423645,modal,cuda,PCBP2:HepG2
NONO,K562,chr5:62306834:T:C,0,1,-0.9420487880706787,modal,cuda,PCBP2:HepG2
NONO,K562,chr6:110815055:C:G,1,3,-0.46536874771118164,modal,cuda,PCBP2:HepG2
NONO,K562,chr6:110815055:C:T,1,3,-0.27607935667037964,modal,cuda,PCBP2:HepG2
NONO,K562,chr6:2971332:G:T,0,3,1.0141527652740479,modal,cuda,PCBP2:HepG2
NONO,K562,chr6:2971355:G:A,0,3,-0.4407119154930115,modal,cuda,PCBP2:HepG2
NONO,K562,chr7:140924486:C:T,0,2,0.599016547203064,modal,cuda,PCBP2:HepG2
NONO,K562,chr7:150953097:C:T,0,2,0.2126295566558838,modal,cuda,PCBP2:HepG2
NONO,K562,chr7:157337335:A:T,0,2,-0.31211888790130615,modal,cuda,PCBP2:HepG2
NONO,K562,chr7:33062355:C:T,0,2,0.8926796913146973,modal,cuda,PCBP2:HepG2
NONO,K562,chr7:5529404:G:A,0,2,0.19338960945606232,modal,cuda,PCBP2:HepG2
NONO,K562,chr7:5529407:A:T,0,2,0.4871508479118347,modal,cuda,PCBP2:HepG2
NONO,K562,chr7:5529792:G:C,0,2,-0.32237595319747925,modal,cuda,PCBP2:HepG2
NONO,K562,chr7:740731:G:A,0,2,0.7168290615081787,modal,cuda,PCBP2:HepG2
NONO,K562,chr8:102654111:G:C,0,0,-0.18584877252578735,modal,cuda,PCBP2:HepG2
NONO,K562,chr8:143939607:G:A,0,0,-0.10535633563995361,modal,cuda,PCBP2:HepG2
NONO,K562,chr8:144082820:G:T,0,0,0.4807587265968323,modal,cuda,PCBP2:HepG2
NONO,K562,chr8:15540642:G:A,0,0,-0.3333015441894531,modal,cuda,PCBP2:HepG2
NONO,K562,chr8:15540736:G:A,0,0,0.2912377119064331,modal,cuda,PCBP2:HepG2
NONO,K562,chr9:77178029:G:A,0,4,0.5500726103782654,modal,cuda,PCBP2:HepG2
NONO,K562,chr9:91949774:G:A,0,4,0.0995337963104248,modal,cuda,PCBP2:HepG2
